$ 1 0.000005 10.20027730826997 50 5 50 5e-11
v 336 624 336 496 0 0 40 12 0 0 0.5
r 336 496 336 432 0 1
w 336 432 416 432 0
w 416 432 416 496 0
r 416 496 416 560 0 2
w 416 560 416 624 0
w 336 624 416 624 0
r 416 496 480 496 0 0.5
w 480 496 480 560 0
r 480 560 416 560 0 0.5
r 416 432 544 432 0 2
r 544 432 640 432 0 1
w 544 560 576 560 0
r 576 560 576 624 0 2
w 544 560 512 560 0
r 512 560 512 624 0 1
w 512 624 576 624 0
w 512 624 416 624 0
r 640 544 640 624 0 0.5
w 576 624 640 624 0
w 544 432 544 464 0
w 544 464 544 560 0
r 544 464 640 464 0 0.5
w 640 432 640 464 0
w 640 464 640 544 0
v 800 624 800 432 0 0 40 12 0 0 0.5
w 800 432 896 432 0
r 896 432 896 624 0 1.52032
w 800 624 896 624 0
x 727 514 793 517 4 24 12v\s\s\p
x 268 543 334 546 4 24 12v\s\s\p
