$ 1 0.000005 10.20027730826997 50 5 50 5e-11
v 176 608 176 368 0 0 40 6 0 0 0.5
r 176 368 320 368 0 3
r 320 368 320 480 0 4
r 320 480 320 608 0 2
w 176 608 320 608 0
w 320 608 448 608 0
r 448 608 448 368 0 12
w 320 368 352 368 0
r 320 368 448 608 0 12
r 352 368 448 368 0 6
r 448 368 576 368 0 9
r 576 368 448 608 0 6
r 448 608 576 608 0 3
r 576 608 576 368 0 3
v 688 608 688 368 0 0 40 6 0 0 0.5
w 688 368 800 368 0
r 800 368 800 608 0 6
w 688 608 800 608 0
x 628 470 653 473 4 24 6v
x 108 461 133 464 4 24 6v
