$ 1 0.000005 10.20027730826997 50 5 50 5e-11
v 192 496 192 400 0 0 40 12 0 0 0.5
x 126 408 161 411 4 22 12v
v 1008 496 1008 304 0 0 40 12 0 0 0.5
r 1200 304 1200 496 0 1.5205
w 1008 304 1200 304 0
w 1008 496 1200 496 0
x 942 407 977 410 4 22 12v
r 192 400 192 304 0 1
r 272 304 272 496 0 2
r 272 352 352 352 0 0.5
r 272 448 352 448 0 0.5
r 272 304 432 304 0 2
r 432 304 528 304 0 1
r 432 352 528 352 0 0.5
r 528 352 528 496 0 0.5
r 464 448 464 496 0 2
r 384 448 384 496 0 1
w 192 304 272 304 0
w 352 352 352 448 0
w 432 304 432 352 0
w 528 304 528 352 0
w 432 352 432 448 0
w 432 448 464 448 0
w 432 448 384 448 0
w 528 496 464 496 0
w 464 496 384 496 0
w 384 496 272 496 0
w 272 496 192 496 0
w 272 304 272 352 0
w 272 496 272 448 0
